1000
932907
375097
703290
612478
328150
43126
813737
759614
693466
720256
319300
163962
970892
657660
285668
411501
706333
839650
917040
802044
91187
996056
417859
621008
324832
935356
8714
367176
23105
11267
596938
642463
752296
305679
4233
669363
642203
681503
299778
715687
422858
7899
512140
579665
449700
974069
210633
781478
617599
743430
393020
229921
835377
609492
761225
84350
53762
792166
361013
354946
88754
471079
970878
475895
906551
23232
26030
855889
729566
154163
82004
227515
793721
198598
424127
581405
229397
968747
877254
629334
51741
513269
732511
537444
855562
764172
254836
126432
182534
586788
144964
487627
834162
868587
110170
812329
928524
516813
333289
776222
674279
394342
130736
335667
906810
291848
195921
920733
967935
213596
461978
738494
134078
166724
976003
569476
494923
500280
68787
393810
929563
975116
874808
118921
199044
304883
569277
326491
919877
721848
444853
111098
671272
510837
82647
378735
598708
660640
131433
368476
623885
418910
509593
779757
816066
973754
931760
779684
604422
802254
504926
944832
823879
674544
570586
102203
590467
850816
512026
277523
819913
272451
680550
717726
172556
648553
657851
298308
426896
332345
130482
398361
704931
920359
140560
658829
597977
362011
133007
576002
428793
659401
766666
37037
593655
22351
153456
878701
436760
920226
287235
863107
654839
817357
331231
209195
801215
380335
434532
128403
450418
751039
708003
280041
293180
482044
427250
562524
745896
379157
878543
873354
25309
241696
759529
733199
757714
609529
292511
606342
727977
644319
934365
722058
212411
614861
554801
229586
175457
419446
687689
654357
528205
144676
498128
936744
23803
726447
523380
487629
453589
714345
322214
168150
449725
316216
640769
520794
562732
968512
699686
98508
218281
486805
533507
390615
626856
516826
455515
482183
921619
562761
90859
141852
824304
297646
392288
806399
957468
143055
557107
828173
509785
457079
426299
28429
687570
220425
57861
971111
349769
857707
993962
619614
709809
342458
372330
566200
291266
644926
406242
659471
851482
758948
232125
853378
337110
5067
48639
612899
641001
161083
174778
167038
39479
376298
441556
450191
376543
32889
121097
29787
51293
768048
224678
341777
570147
182394
607658
709106
153373
22422
344230
448186
55872
170616
408889
327430
983998
113729
441700
603711
592976
266105
665214
573363
508414
405718
8272
929330
276770
897062
747306
685376
702838
38200
669621
850016
850677
856889
393124
655159
570618
911038
383469
286499
357729
51350
770566
299479
996527
401526
265869
779666
790188
713683
356478
786268
448863
982731
8998
39664
652690
398784
804457
130181
548333
329555
65822
801556
811499
487625
113473
961216
527850
590812
284916
440488
330712
495831
402599
530496
550151
223988
109266
250553
660642
169667
164557
627054
350315
312535
102050
894595
536474
40954
464206
586719
349714
990090
339582
994883
975391
252788
415904
327786
194957
912605
30947
450274
266886
671598
226530
138326
196622
312189
551812
955163
46722
680529
363562
398845
6395
573906
104521
688558
984579
641172
783543
379087
233676
353984
647298
11864
260173
373302
993103
414199
971747
66175
162824
376609
690437
411036
439091
183207
773902
595168
370095
512041
247727
325787
283631
635057
259034
924141
764151
768876
467764
112444
167487
389673
657275
41594
984067
407749
496362
720060
344519
12239
397228
547693
787952
949239
142915
599646
365711
581154
798560
748122
884881
367118
575680
61526
858299
470019
487351
383843
100209
442764
813026
268057
818332
396561
849993
307963
691139
609520
954307
675692
677891
536322
165080
446453
936286
592322
642750
128284
778473
299556
158673
456287
540686
217236
333070
279620
658457
70278
703413
544166
775793
86887
209798
562716
336202
175830
543688
82222
919558
497663
543482
827066
388798
188948
379117
548288
574702
674889
353102
822368
496716
240627
229145
329314
788815
328280
998673
875269
882209
352281
766991
647002
754819
724527
193609
425255
890530
874662
926590
220615
418858
890096
615426
895498
342053
956090
904730
201128
146367
262130
287056
408335
581513
838140
744772
790126
822095
424292
460992
645952
740960
508517
879323
924532
779064
447872
596500
116723
799730
82719
935956
748324
77257
612096
390383
249724
437607
611348
21764
390919
229865
446544
887029
309351
762573
928116
33678
448709
705129
481481
880028
160335
944061
558901
904296
864488
812226
558659
542321
413458
482160
979567
663017
499982
272210
161296
689946
880670
267428
632654
685039
378727
433226
674803
758798
280795
328402
28338
667693
659922
785615
695831
257269
247076
213141
663302
585217
708113
67428
70121
797861
694574
81474
442736
603196
93427
360419
195674
367000
348906
513912
950188
818876
369843
988101
270086
421686
858012
816553
249785
560896
590111
478189
30970
258426
869393
86276
468272
914676
624861
41141
921703
301795
979747
189921
819503
976834
962785
901740
515044
50028
685970
719289
442486
761852
287463
787593
228637
305934
858430
184425
783512
841729
541246
192495
547694
262719
720435
531065
525667
556307
708351
513860
837841
779483
212212
343599
205961
619538
492701
131492
480734
481862
602597
837984
445491
72333
974466
906101
24873
948153
125656
147990
668579
517296
419678
799357
594457
867951
600750
7438
143026
361209
786788
171429
685567
888413
911644
633715
631839
89588
437846
478878
892154
716748
505988
660003
374715
194319
127505
809513
356001
369616
880037
443598
212444
477538
534066
639497
605904
280744
369283
386903
181201
293466
390986
384351
70665
698253
634944
429032
435598
703480
872847
765167
11492
271286
429878
688543
297650
63793
488082
124380
644623
121276
777951
692959
190858
901339
726284
131940
628520
493039
7812
334499
393762
215751
760088
353344
74714
514616
869490
149992
530565
516528
672801
331139
233572
550679
161529
448111
819655
738960
252684
673951
368727
784616
83687
49742
893604
919430
991496
105491
611522
664966
701961
881116
665227
530131
607325
880018
660955
87606
320226
827675
36434
516035
299835
558683
512282
794353
149076
328649
218816
487046
917371
632280
899415
20338
767578
953898
738078
529519
735296
286033
491918
444840
868611
996718
448449
930979
401494
105429
444937
971469
991009
168493
154506
774226
935693
638613
95964
866860
252771
147576
785378
21911
860907
112440
795091
66042
817992
607632
691630
42820
639390
110694
417969
735534
818311
145837
767884
292432
912317
282386
741125
734133
747282
536713
354065
183246
600830
86422
520056
262239
57077
519645
213885
185820
243454
307686
609873
215579
394972
120026
34969
520405
555603
104906
70405
475352
62498
602114
617383
29418
867715
550131
922791
877439
792196
74224
455527
577978
882994
908295
521995
383408
695078
80455
771731
129430
968271
38200
364675
427863
485258
595514
384386
725853
804256
828016
676938
934324
389110
24441
585779
598995
511887
533299
173511
94294
888091
439722
641589
541935
288612
306993
984114
189593
540859
634949
136169
259817
666836
569858
610259
876349
606954
685930
870339
