100
46 116 227
936 896 860
173 229 19
980 779 560
606 958 936
646 89 301
785 978 113
518 871 831
576 658 977
261 247 882
41 355 915
355 265 591
306 533 100
680 845 815
744 514 227
307 272 587
884 766 656
917 596 372
705 216 472
516 518 792
976 575 785
924 106 386
228 703 150
842 856 723
975 933 712
597 872 231
208 740 188
699 893 642
459 447 52
207 879 832
278 178 660
978 506 925
82 417 88
708 733 761
529 134 722
734 823 846
689 667 99
265 397 115
525 693 117
456 342 771
744 338 172
297 819 686
370 798 197
235 1000 353
388 11 630
306 243 145
441 489 347
172 845 809
509 259 701
977 320 800
243 959 783
992 640 532
664 770 627
903 552 557
531 986 91
221 415 283
788 863 245
534 528 345
248 714 337
813 984 265
527 125 632
518 877 754
969 97 614
384 977 873
664 439 301
45 842 401
761 616 751
901 455 956
838 915 51
46 404 65
535 67 792
201 53 777
510 924 776
810 706 724
776 968 351
191 834 311
75 632 104
72 140 7
534 675 112
947 705 460
736 496 712
41 810 168
254 394 705
16 172 786
243 405 872
641 16 284
411 306 8
651 585 962
988 556 14
668 180 809
270 703 537
717 811 272
820 556 735
995 128 76
883 914 402
236 840 659
620 1000 363
430 399 510
668 708 103
357 933 431
