10
1
27
14
20 9 4 38 38 2 24 25 25 1 27 1 11 35
22
27 36 31 4 22 33 12 22 21 36 38 15 7 6 11 18 29 32 27 19 35 14
23
11 2 13 33 24 21 31 13 28 27 4 22 37 37 19 3 21 9 18 36 35 30 2
8
26 0 22 24 8 6 5 10
9
10 30 6 21 33 28 29 23 4
34
36 0 6 16 11 28 24 39 26 3 17 18 38 2 9 21 33 35 39 18 24 10 17 26 33 26 21 25 4 32 30 29 17 13
17
32 26 10 1 36 35 7 15 14 31 12 30 30 21 4 6 30
27
31 7 17 17 7 33 23 25 29 9 38 21 28 22 26 26 30 13 8 20 31 2 15 10 39 24 17
28
3 35 1 2 30 11 36 14 20 36 21 28 39 28 4 1 14 13 39 18 18 20 28 7 27 8 13 8