20
53
1 52 42 16 47 41 39 48 38 45 4 51 52 49 6 30 20 31 9 25 43 24 40 28 3 5 2 35 34 12 36 46 27 23 18 10 37 11 53 33 21 19 22 50 32 26 44 8 17 29 14 7 15 
17
8 4 1 12 13 2 9 5 1 14 3 15 10 16 17 7 6 
35
10 8 26 2 5 30 33 32 4 20 12 6 29 19 3 35 23 25 14 16 15 1 9 18 21 27 28 11 13 31 22 7 12 34 24 
28
4 12 28 15 20 10 23 1 19 3 14 24 11 21 17 5 27 2 13 16 26 9 25 22 7 6 18 11 
58
52 31 21 18 9 38 2 23 24 53 40 22 11 48 1 4 58 3 37 7 13 57 49 6 25 19 28 55 54 33 1 45 17 29 39 26 51 14 30 32 27 44 20 50 41 42 8 36 10 46 5 47 34 16 35 43 56 15 
61
57 16 58 37 59 20 40 47 39 45 10 61 14 29 61 25 51 41 38 4 31 19 23 9 22 21 24 48 55 50 43 54 18 60 11 8 34 49 30 35 7 26 33 27 52 13 2 42 44 15 56 36 53 12 5 17 46 3 1 6 28 
9
7 9 5 2 1 7 4 8 3 
75
33 41 17 52 54 12 16 45 7 57 35 23 50 34 29 13 20 69 62 49 30 4 71 9 26 39 3 59 14 18 6 53 11 38 70 10 73 22 21 47 67 74 56 51 48 40 24 46 42 5 61 2 58 68 43 60 36 28 32 63 19 55 1 65 37 8 15 72 75 64 31 27 25 66 44 
35
35 26 33 28 21 9 14 23 16 4 27 1 11 29 32 25 15 10 5 2 17 34 22 14 7 24 20 3 19 18 30 12 6 8 31 
79
20 29 70 13 14 50 75 30 72 37 38 62 22 73 40 61 33 6 12 4 16 78 34 41 60 46 21 1 47 5 77 59 55 58 28 10 32 39 63 76 52 71 56 49 8 23 27 66 42 11 25 67 24 64 18 26 36 57 53 2 51 3 48 44 43 35 31 69 68 15 17 7 74 79 9 65 19 69 54 
42
36 2 25 28 27 3 1 23 42 30 8 4 31 22 24 9 15 10 40 19 34 18 6 21 16 12 35 29 26 33 32 17 7 11 39 41 1 13 14 37 5 38 
49
28 42 12 16 13 48 24 27 14 17 45 3 35 19 22 4 36 29 33 31 10 34 39 46 43 37 6 41 20 44 32 8 23 38 40 9 25 49 21 1 30 7 2 15 47 26 5 18 36 
75
62 70 45 53 1 8 33 51 30 21 38 40 24 14 3 60 35 52 37 18 19 2 48 15 5 65 71 7 9 47 22 6 74 36 50 66 43 4 42 67 29 69 16 58 57 63 12 72 31 13 27 39 55 73 11 61 56 32 17 75 26 34 23 54 20 44 41 10 46 68 64 28 25 59 49 
54
12 35 4 14 17 50 43 18 45 21 23 6 38 25 9 19 40 54 37 49 44 48 11 42 27 8 20 47 53 29 52 10 30 28 1 7 13 33 17 26 15 3 36 34 5 32 31 46 41 51 22 39 24 2 
58
24 14 2 44 34 12 18 15 26 40 39 38 49 22 6 51 13 10 29 47 17 42 5 25 1 35 33 48 43 30 21 36 37 55 40 41 8 4 3 9 11 27 45 46 16 56 20 28 32 57 54 52 53 7 19 58 31 50 
66
39 32 4 54 49 60 7 34 45 48 57 35 14 61 17 9 23 31 27 36 58 43 25 66 55 19 26 40 63 22 64 21 12 51 29 13 65 24 56 30 16 2 60 41 3 46 5 62 1 38 47 50 10 6 59 8 42 18 33 44 11 15 20 28 37 53 
4
1 1 3 2 
70
37 23 32 36 28 46 36 26 31 10 35 24 14 61 70 39 60 54 58 69 67 19 25 21 11 34 56 38 20 33 7 50 13 18 9 53 2 47 64 3 49 44 62 16 6 22 17 51 42 40 41 68 1 12 65 43 29 30 57 45 15 59 52 66 55 48 27 63 8 5 
21
14 16 5 6 8 18 1 19 10 15 19 13 7 12 20 21 17 11 9 3 2 
75
49 72 8 1 29 14 7 59 50 2 68 15 34 38 53 52 16 31 23 69 20 13 11 27 19 61 33 9 75 70 50 56 40 18 35 37 45 74 4 71 44 41 39 64 3 36 51 21 63 46 58 48 25 32 62 57 22 47 60 67 42 66 28 65 43 10 24 26 5 55 12 17 54 73 6
