100
2041 2467
2334 2500
2169 2724
2478 2358
2962 2464
2705 2145
2281 2827
2961 2491
2995 2942
2827 2436
2391 2604
2902 2153
2292 2382
2421 2716
2718 2895
2447 2726
2771 2538
2869 2912
2667 2299
2035 2894
2703 2811
2322 2333
2673 2664
2141 2711
2253 2868
2547 2644
2662 2757
2037 2859
2723 2741
2529 2778
2316 2035
2190 2842
2288 2106
2040 2942
2264 2648
2446 2805
2890 2729
2370 2350
2006 2101
2393 2548
2629 2623
2084 2954
2756 2840
2966 2376
2931 2308
2944 2439
2626 2323
2537 2538
2118 2082
2929 2541
2833 2115
2639 2658
2704 2930
2977 2306
2673 2386
2021 2745
2924 2072
2270 2829
2777 2573
2097 2512
2986 2290
2161 2636
2355 2767
2655 2574
2031 2052
2350 2150
2941 2724
2966 2430
2107 2191
2007 2337
2457 2287
2753 2383
2945 2909
2209 2758
2221 2588
2422 2946
2506 2030
2413 2168
2900 2591
2762 2655
2410 2359
2624 2537
2548 2483
2595 2041
2602 2350
2291 2836
2374 2020
2596 2021
2348 2199
2668 2484
2281 2734
2053 2999
2418 2938
2900 2788
2127 2467
2728 2893
2648 2483
2807 2421
2310 2617
2813 2514














































































